0.1	0.0537109375
0.2	0.049192905426
0.3	0.0449940860271
0.4	0.0411563441157
0.5	0.0376495469827
0.6	0.0344448606484
0.7	0.0315160245664
0.8	0.0288390761852
0.9	0.0263921502283
1.	0.0241552941443
1.1	0.0221102998316
1.2	0.0202405499915
1.3	0.0185308782042
1.4	0.0169674414062
1.5	0.0155376036096
1.6	0.0142298299152
1.7	0.0130335898837
1.8	0.0119392694381
1.9	0.0109380905389
2.	0.0100220379454
2.1	0.00918379243235
2.2	0.00841666989148
2.3	0.00771456579482
2.4	0.00707190454673
2.5	0.00648359329097
2.6	0.00594497977901
2.7	0.00545181394036
2.8	0.00500021282786
2.9	0.00458662863966
3.	0.00420781954638
3.1	0.00386082307572
3.2	0.00354293182916
3.3	0.00325167132494
3.4	0.00298477978007
3.5	0.00274018966065
3.6	0.00251601084471
3.7	0.00231051525587
3.8	0.00212212283832
3.9	0.00194938875545
4.	0.00179099170446
4.1	0.00164572324909
4.2	0.00151247808119
4.3	0.00139024512957
4.4	0.00127809944195
4.5	0.00117519477235
4.6	0.00108075681204
4.7	0.000994077007911
4.8	0.000914506916789
4.9	0.00084145304895
5.	0.000774372158072
5.1	0.000712766938691
5.2	0.000656182095627
5.3	0.000604200752949
5.4	0.00055644117293
5.5	0.000512553757992
5.6	0.000472218311041
5.7	0.000435141531729
5.8	0.000401054728158
5.9	0.000369711725311
6.	0.00034088695317
6.1	0.000314373698925
6.2	0.000289982509073
6.3	0.000267539728438
6.4	0.000246886164262
6.5	0.000227875864556
6.6	0.000210375000861
6.7	0.00019426084639
6.8	0.000179420841341
6.9	0.00016575173786
7.	0.00015315881781
7.1	0.000141555177069
7.2	0.000130861070652
7.3	0.000121003313425
7.4	0.000111914731647
7.5	0.000103533660976
7.6	0.0000958034869661
7.7	0.0000886722244121
7.8	0.000082092132226
7.9	0.000076019360806
8.	0.0000704136291258
8.1	0.0000652379290089
8.2	0.0000604582542733
8.3	0.0000560433526279
8.4	0.0000519644983866
8.5	0.000048195284232
8.6	0.0000447114304105
8.7	0.0000414906098815
8.8	0.0000385122880699
8.9	0.0000357575759849
9.	0.0000332090955751
9.1	0.0000308508562888
9.2	0.0000286681418904
9.3	0.0000266474066727
9.4	0.0000247761802708
9.5	0.0000230429803561
9.6	0.0000214372325485
9.7	0.0000199491969397
9.8	0.0000185699006756
9.9	0.0000172910760888
10.	0.0000161051039183
10.1	0.0000150049611904
10.2	0.0000139841733735
10.3	0.000013036770449
10.4	0.0000121572465738
10.5	0.0000113405230353
10.6	0.0000105819142249
10.7	9.87709638163*10^(-6)
10.8	9.22207887426*10^(-6)
10.9	8.61317781387*10^(-6)
11.	8.04699180326*10^(-6)
11.1	7.52037964744*10^(-6)
11.2	7.03043986366*10^(-6)
11.3	6.57449184285*10^(-6)
11.4	6.15005852687*10^(-6)
11.5	5.75485047732*10^(-6)
11.6	5.38675122181*10^(-6)
11.7	5.04380377336*10^(-6)
11.8	4.72419822692*10^(-6)
11.9	4.42626034542*10^(-6)
12.	4.14844105454*10^(-6)
12.1	3.88930677248*10^(-6)
12.2	3.64753050689*10^(-6)
12.3	3.42188365678*10^(-6)
12.4	3.21122846236*10^(-6)
12.5	3.0145110504*10^(-6)
12.6	2.83075502723*10^(-6)
12.7	2.65905557512*10^(-6)
12.8	2.49857401159*10^(-6)
12.9	2.34853277454*10^(-6)
13.	2.20821079912*10^(-6)
13.1	2.07693925481*10^(-6)
13.2	1.95409761418*10^(-6)
13.3	1.83911002671*10^(-6)
13.4	1.73144197349*10^(-6)
13.5	1.63059718046*10^(-6)
13.6	1.53611476966*10^(-6)
13.7	1.44756662972*10^(-6)
13.8	1.36455498817*10^(-6)
13.9	1.28671016975*10^(-6)
14.	1.21368852608*10^(-6)
14.1	1.1451705231*10^(-6)
14.2	1.08085897407*10^(-6)
14.3	1.02047740669*10^(-6)
14.4	9.63768553756*10^(-7)
14.5	9.10492957938*10^(-7)
14.6	8.60427681588*10^(-7)
14.7	8.13365113575*10^(-7)
14.8	7.69111865552*10^(-7)
14.9	7.27487750778*10^(-7)
15.	6.88324839117*10^(-7)
15.1	6.51466582351*10^(-7)
15.2	6.16767004405*10^(-7)
15.3	5.84089951515*10^(-7)
15.4	5.53308397753*10^(-7)
15.5	5.24303801682*10^(-7)
15.6	4.96965510262*10^(-7)
15.7	4.71190206394*10^(-7)
15.8	4.46881396829*10^(-7)
15.9	4.2394893736*10^(-7)
16.	4.02308592503*10^(-7)
16.1	3.81881627067*10^(-7)
16.2	3.62594427219*10^(-7)
16.3	3.4437814884*10^(-7)
16.4	3.27168391124*10^(-7)
16.5	3.1090489355*10^(-7)
16.6	2.95531254489*10^(-7)
16.7	2.80994669827*10^(-7)
16.8	2.6724569015*10^(-7)
16.9	2.54237995098*10^(-7)
17.	2.41928183636*10^(-7)
17.1	2.30275579077*10^(-7)
17.2	2.19242047769*10^(-7)
17.3	2.08791830453*10^(-7)
17.4	1.98891385377*10^(-7)
17.5	1.89509242291*10^(-7)
17.6	1.80615866568*10^(-7)
17.7	1.72183532684*10^(-7)
17.8	1.64186206414*10^(-7)
17.9	1.56599435099*10^(-7)
18.	1.49400245411*10^(-7)
18.1	1.42567048089*10^(-7)
18.2	1.36079549135*10^(-7)
18.3	1.29918667021*10^(-7)
18.4	1.24066455487*10^(-7)
18.5	1.18506031518*10^(-7)
18.6	1.13221508152*10^(-7)
18.7	1.08197931773*10^(-7)
18.8	1.03421223579*10^(-7)
18.9	9.88781249224*10^(-8)
19.	9.45561462737*10^(-8)
19.1	9.04435195388*10^(-8)
19.2	8.65291535079*10^(-8)
19.3	8.28025922176*10^(-8)
19.4	7.92539760261*10^(-8)
19.5	7.58740052168*10^(-8)
19.6	7.26539059567*10^(-8)
19.7	6.9585398449*10^(-8)
19.8	6.66606671335*10^(-8)
19.9	6.38723327932*10^(-8)
20.	6.12134264409*10^(-8)