0.1	0.0610408782959
0.2	0.0558938980103
0.3	0.0511876409873
0.4	0.0468830080936
0.5	0.0429453471006
0.6	0.0393430312579
0.7	0.0360471825425
0.8	0.0330314324042
0.9	0.0302717020104
1.	0.027746001964
1.1	0.0254342495551
1.2	0.023318102126
1.3	0.0213808050909
1.4	0.0196070533252
1.5	0.0179828647318
1.6	0.0164954649149
1.7	0.0151331819772
1.8	0.0138853505466
1.9	0.012742224218
2.	0.0116948956679
2.1	0.0107352237646
2.2	0.00985576705899
2.3	0.00904972309193
2.4	0.00831087300758
2.5	0.00763353100525
2.6	0.00701249820435
2.7	0.00644302053451
2.8	0.00592075029741
2.9	0.00544171107776
3.	0.00500226570974
3.1	0.00459908703087
3.2	0.004229131179
3.3	0.00388961320972
3.4	0.00357798483099
3.5	0.00329191406979
3.6	0.00302926670195
3.7	0.00278808929092
3.8	0.00256659369516
3.9	0.00236314291589
4.	0.00217623816829
4.1	0.00200450706962
4.2	0.00184669284683
4.3	0.0017016444751
4.4	0.00156830766615
4.5	0.00144571663263
4.6	0.00133298656103
4.7	0.00122930673174
4.8	0.00113393423001
4.9	0.00104618819671
5.	0.000965444571987
5.1	0.000891131289344
5.2	0.000822723881019
5.3	0.000759741459211
5.4	0.000701743040684
5.5	0.000648324185092
5.6	0.000599113920009
5.7	0.000553771927946
5.8	0.000511985972801
5.9	0.000473469545163
6.	0.000437959707647
6.1	0.000405215123091
6.2	0.00037501424992
6.3	0.000347153690357
6.4	0.000321446678382
6.5	0.00029772169548
6.6	0.000275821203261
6.7	0.000255600482953
6.8	0.000236926572672
6.9	0.000219677294102
7.	0.000203740360993
7.1	0.00018901256251
7.2	0.000175399015051
7.3	0.000162812476746
7.4	0.0001511727193
7.5	0.000140405952319
7.6	0.000130444295688
7.7	0.000121225295922
7.8	0.00011269148278
7.9	0.000104789962746
8.	0.000097472046261
8.1	0.0000906929058682
8.2	0.0000844112626703
8.3	0.0000785890987154
8.4	0.0000731913931383
8.5	0.0000681858800637
8.6	0.0000635428264485
8.7	0.000059234828195
8.8	0.0000552366230084
8.9	0.0000515249186008
9.	0.0000480782349626
9.1	0.0000448767595297
9.2	0.0000419022141747
9.3	0.0000391377330394
9.4	0.0000365677503098
9.5	0.0000341778971103
9.6	0.0000319549067614
9.7	0.0000298865277122
9.8	0.0000279614435115
9.9	0.000026169199241
10.	0.0000245001338752
10.1	0.0000229453180848
10.2	0.0000214964970335
10.3	0.0000201460377623
10.4	0.0000188868807829
10.5	0.0000177124955394
10.6	0.00001661683942
10.7	0.000015594320032
10.8	0.000014639760473
10.9	0.0000137483673559
11.	0.0000129157013641
11.1	0.0000121376501329
11.2	0.0000114104032675
11.3	0.0000107304293274
11.4	0.000010094454617
11.5	9.49944363846*10^(-6)
11.6	8.94258107215*10^(-6)
11.7	8.42125516382*10^(-6)
11.8	7.9330424047*10^(-6)
11.9	7.4756934019*10^(-6)
12.	7.04711984415*10^(-6)
12.1	6.6453824757*10^(-6)
12.2	6.26867999835*10^(-6)
12.3	5.915338828*10^(-6)
12.4	5.58380363827*10^(-6)
12.5	5.2726286288*10^(-6)
12.6	4.98046946136*10^(-6)
12.7	4.70607581108*10^(-6)
12.8	4.44828448458*10^(-6)
12.9	4.20601306061*10^(-6)
13.	3.97825401228*10^(-6)
13.1	3.76406927337*10^(-6)
13.2	3.56258521413*10^(-6)
13.3	3.37298799466*10^(-6)
13.4	3.19451926677*10^(-6)
13.5	3.02647219725*10^(-6)
13.6	2.86818778766*10^(-6)
13.7	2.71905146798*10^(-6)
13.8	2.57848994296*10^(-6)
13.9	2.4459682718*10^(-6)
14.	2.32098716329*10^(-6)
14.1	2.20308047004*10^(-6)
14.2	2.09181286654*10^(-6)
14.3	1.98677769716*10^(-6)
14.4	1.88759498116*10^(-6)
14.5	1.79390956285*10^(-6)
14.6	1.70538939594*10^(-6)
14.7	1.62172395205*10^(-6)
14.8	1.54262274389*10^(-6)
14.9	1.46781395477*10^(-6)
15.	1.39704316627*10^(-6)
15.1	1.33007217686*10^(-6)
15.2	1.26667790474*10^(-6)
15.3	1.20665136861*10^(-6)
15.4	1.14979674056*10^(-6)
15.5	1.09593046589*10^(-6)
15.6	1.04488044488*10^(-6)
15.7	9.96485271834*10^(-7)
15.8	9.50593527505*10^(-7)
15.9	9.07063120693*10^(-7)
16.	8.65760675654*10^(-7)
16.1	8.26560961899*10^(-7)
16.2	7.8934636335*10^(-7)
16.3	7.54006384006*10^(-7)
16.4	7.20437187491*10^(-7)
16.5	6.88541168062*10^(-7)
16.6	6.58226550825*10^(-7)
16.7	6.29407019076*10^(-7)
16.8	6.02001366835*10^(-7)
16.9	5.759331748*10^(-7)
17.	5.51130508054*10^(-7)
17.1	5.27525634*10^(-7)
17.2	5.05054759101*10^(-7)
17.3	4.83657783109*10^(-7)
17.4	4.63278069569*10^(-7)
17.5	4.4386223145*10^(-7)
17.6	4.25359930874*10^(-7)
17.7	4.07723691953*10^(-7)
17.8	3.9090872584*10^(-7)
17.9	3.74872767148*10^(-7)
18.	3.5957592097*10^(-7)
18.1	3.44980519759*10^(-7)
18.2	3.31050989419*10^(-7)
18.3	3.17753723965*10^(-7)
18.4	3.05056968177*10^(-7)
18.5	2.92930707721*10^(-7)
18.6	2.81346566223*10^(-7)
18.7	2.70277708829*10^(-7)
18.8	2.59698751839*10^(-7)
18.9	2.49585677983*10^(-7)
19.	2.39915756989*10^(-7)
19.1	2.30667471083*10^(-7)
19.2	2.21820445097*10^(-7)
19.3	2.13355380886*10^(-7)
19.4	2.05253995772*10^(-7)
19.5	1.97498964752*10^(-7)
19.6	1.90073866225*10^(-7)
19.7	1.82963131018*10^(-7)
19.8	1.7615199448*10^(-7)
19.9	1.69626451481*10^(-7)
20.	1.63373214084*10^(-7)