Overlap Integrals
[[  1.00000000e+00   2.36703937e-01   0.00000000e+00   0.00000000e+00
    7.30757849e-20   3.84055921e-02   3.84055921e-02]
 [  2.36703937e-01   1.00000000e+00   0.00000000e+00   0.00000000e+00
   -2.84428833e-18   3.86138791e-01   3.86138791e-01]
 [  0.00000000e+00   0.00000000e+00   1.00000000e+00   0.00000000e+00
    0.00000000e+00   0.00000000e+00   0.00000000e+00]
 [  0.00000000e+00   0.00000000e+00   0.00000000e+00   1.00000000e+00
    0.00000000e+00  -2.68438218e-01   2.68438218e-01]
 [  7.30757849e-20  -2.84428833e-18   0.00000000e+00   0.00000000e+00
    1.00000000e+00   2.09726922e-01   2.09726922e-01]
 [  3.84055921e-02   3.86138791e-01   0.00000000e+00  -2.68438218e-01
    2.09726922e-01   1.00000000e+00   1.81759850e-01]
 [  3.84055921e-02   3.86138791e-01   0.00000000e+00   2.68438218e-01
    2.09726922e-01   1.81759850e-01   1.00000000e+00]]


Computing T Integrals


Kinetic Integrals
[[  2.90031999e+01  -1.68010939e-01   0.00000000e+00   0.00000000e+00
   -9.41310334e-18  -8.41638490e-03  -8.41638490e-03]
 [ -1.68010939e-01   8.08127955e-01   0.00000000e+00   0.00000000e+00
   -1.99200889e-17   7.05173444e-02   7.05173444e-02]
 [  0.00000000e+00   0.00000000e+00   2.52873120e+00   0.00000000e+00
    0.00000000e+00   0.00000000e+00   0.00000000e+00]
 [  0.00000000e+00   0.00000000e+00   0.00000000e+00   2.52873120e+00
    0.00000000e+00  -1.47090874e-01   1.47090874e-01]
 [ -9.41310334e-18  -1.99200889e-17   0.00000000e+00   0.00000000e+00
    2.52873120e+00   1.14919986e-01   1.14919986e-01]
 [ -8.41638490e-03   7.05173444e-02   0.00000000e+00  -1.47090874e-01
    1.14919986e-01   7.60031884e-01  -3.97987356e-03]
 [ -8.41638490e-03   7.05173444e-02   0.00000000e+00   1.47090874e-01
    1.14919986e-01  -3.97987356e-03   7.60031884e-01]]


Computing nuclear attraction integrals
Nuclear Attraction Integrals

[[ -6.15805953e+01  -7.41082186e+00   0.00000000e+00   0.00000000e+00
   -1.44738337e-02  -1.23168562e+00  -1.23168562e+00]
 [ -7.41082186e+00  -1.00090712e+01   0.00000000e+00   0.00000000e+00
   -1.76890222e-01  -2.97722673e+00  -2.97722673e+00]
 [  0.00000000e+00   0.00000000e+00  -9.87587601e+00   0.00000000e+00
    0.00000000e+00   0.00000000e+00   0.00000000e+00]
 [  0.00000000e+00   0.00000000e+00   0.00000000e+00  -9.98755043e+00
    0.00000000e+00   1.82224082e+00  -1.82224082e+00]
 [ -1.44738337e-02  -1.76890222e-01   0.00000000e+00   0.00000000e+00
   -9.94404288e+00  -1.47178807e+00  -1.47178807e+00]
 [ -1.23168562e+00  -2.97722673e+00   0.00000000e+00   1.82224082e+00
   -1.47178807e+00  -5.30020267e+00  -1.06716575e+00]
 [ -1.23168562e+00  -2.97722673e+00   0.00000000e+00  -1.82224082e+00
   -1.47178807e+00  -1.06716575e+00  -5.30020267e+00]]
